NAME	= field_3 [Nearest Neighbour]
DESCRIPTION	= 
UNIT	= 
DATAFORMAT	= FLOAT
DATAFILE_OFFSET	= 0
BYTEORDER_BIG	= FALSE
TOPTOBOTTOM	= FALSE
POSITION_XMIN	= 575999.0000000000
POSITION_YMIN	= 169999.0000000000
CELLCOUNT_X	= 1001
CELLCOUNT_Y	= 1002
CELLSIZE	= 1.0000000000
Z_FACTOR	= 1.000000
Z_OFFSET	= 0.000000
NODATA_VALUE	= -99999.000000
